614930.2298604599,654420.1088402178,619323.4386468774,657320.9146418294
616789.4335788673,654131.7082634167,621182.6423652848,657032.5140650283
616307.8326156654,654042.1080842164,620701.0414020829,656942.913885828
616380.6327612657,654308.1086162174,620773.8415476832,657208.914417829
615577.0311540625,654938.1098762199,619970.23994048,657838.9156778315
615185.0303700609,654039.3080786163,619578.2391564784,656940.1138802279
615185.0303700609,654036.5080730163,619578.2391564784,656937.3138746279
615285.8305716614,654445.3088906179,619679.0393580789,657346.1146922295
615725.4314508631,654420.1088402178,620118.6402372806,657320.9146418294
616871.3337426677,653872.7077454157,619067.9381358763,655323.1106462214
617035.1340702684,653606.7072134147,619231.738463477,655057.1101142204
617081.3341626686,653427.5068550139,619277.9385558772,654877.9097558196
617099.5341990687,653172.7063454129,619296.1385922773,654623.1092462186
617497.1349942703,653343.5066870137,619693.7393874789,654793.9095878194
617355.7347114696,653568.9071378146,619552.3391046782,655019.3100386203
617294.1345882694,653750.9075018152,619490.738981478,655201.3104026209
616425.4328508659,653067.7061354124,620818.6416372834,655968.5119370241
617329.8346596695,653336.5066730136,621723.043446087,656237.3124746252
617338.2346764696,652748.5054970111,621731.4434628871,655649.3112986227
617259.8345196693,652695.3053906109,621653.0433060868,655596.1111922226
617377.4347548697,652868.9057378117,621770.6435412872,655769.7115394233
617285.0345700694,652401.3048026097,621678.2433564869,655302.1106042214
617245.1344902692,652544.1050882104,619441.7388834779,653994.5079890161
617092.5341850686,652460.1049202101,619289.1385782772,653910.5078210158
616756.5335130673,652394.3047886099,618953.1379062759,653844.7076894155
616414.932829866,652310.3046206095,618611.5372230746,653760.7075214152
616325.3326506655,652286.5045730093,618521.9370438742,653736.907473815
616116.7322334647,652220.7044414091,618313.3366266734,653671.1073422148
615126.2302524607,651306.5026130053,619519.4390388782,654207.308414617
618354.6367092737,652546.9050938104,622747.8454956912,655447.710895422
618374.2367484737,652583.3051666105,622767.4455348912,655484.1109682221
615781.4315628633,654551.7091034184,620174.6403492808,657452.51490503
619967.4399348801,653949.707899416,624360.6487212976,656850.5137010276
619628.6392572788,652762.5055250112,624021.8480436963,655663.3113266228
619631.4392628787,652754.1055082112,624024.6480492962,655654.9113098228
620407.0408140818,652524.5050490103,624800.2496004993,655425.3108506219
620925.0418500839,652504.9050098102,625318.2506365014,655405.7108114219
621121.0422420847,652768.1055362113,625514.2510285022,655668.9113378229
621507.4430148862,652944.5058890119,625900.6518013037,655845.3116906235
621543.8430876863,652952.9059058119,625937.0518741038,655853.7117074236
621574.6431492865,652768.1055362113,625967.851935704,655668.9113378229
620972.6419452841,652888.5057770117,625365.8507317016,655789.3115786234
631651.8633037268,649528.4990569983,636045.0720901443,652429.3048586099
630506.6610133222,649545.2990905984,634899.8697997397,652446.10489221
630025.0600501203,649646.0992921988,634418.2688365378,652546.9050938104
629215.858431717,649559.2991185985,633609.0672181345,652460.1049202101
630022.2600445203,649662.8993257988,634415.4688309378,652563.7051274105
630461.860923722,652530.1050602103,634855.0697101395,655430.910861822
629750.6595013192,652602.9052058106,634143.8682877367,655503.7110074222
628661.4573229149,652698.1053962109,633054.6661093323,655598.9111978225
629619.0592381187,652614.1052282107,634012.2680245362,655514.9110298223
631233.9624679252,654319.3086386175,633430.5668611338,655769.7115394232
630453.460906922,653742.5074850151,634846.6696933395,656643.3132866267
630456.2609125221,653745.3074906152,634849.4696989396,656646.1132922268
629584.7591695186,654642.7092854189,631781.3635627272,656093.1121862245
629101.7582035167,654637.1092742188,631298.3625967253,656087.5121750245
629293.5585871175,654828.9096578195,631490.1629803261,656279.3125586252
628694.357388715,654753.3095066192,630890.9617819237,656203.7124074249
628459.156918314,654877.9097558197,630655.7613115227,656328.3126566254
628327.5566551136,654392.1087842179,630524.1610483222,655842.5116850235
628186.156372313,654070.1081402166,630382.7607655217,655520.5110410223
627913.1558263119,653538.1070762144,630109.7602195205,654988.5099770201
627871.1557423117,653434.506869014,630067.7601355204,654884.9097698197
627845.9556919116,653193.706387413,630042.5600851203,654644.1092882187
627673.7553475109,653182.506365013,629870.3597407195,654632.9092658187
626779.8535597073,652468.50493701,631173.0623461248,655369.3107386216
626648.9532979069,653322.5066450136,628845.5576911155,654772.9095458193
626452.952905906,653298.7065974134,628649.5572991146,654749.1094982191
625968.5519371041,653172.7063454129,628165.1563303127,654623.1092462186
626648.9532979069,653322.5066450136,628845.5576911155,654772.9095458193
625092.1501843006,653011.7060234123,627288.7545775092,654462.108924218
624718.3494366992,652920.705841412,626914.9538299078,654371.1087422176
624554.5491090985,653153.1063062128,626751.1535023071,654603.5092070185
623523.4470468943,652572.1051442105,627916.6558333118,655472.9109458221
630128.6602573207,652790.5055810113,634521.8690437382,655691.3113826229
630134.2602685208,652790.5055810113,634527.4690549383,655691.3113826229
629759.0595181192,653000.5060010122,634152.2683045367,655901.3118026238
629770.2595405193,652306.1046122094,634163.4683269368,655206.910413821
629834.6596693195,651726.5034530071,634227.868455737,654627.3092546187
630120.9602419208,651624.3032486067,632317.5646351294,653074.7061494124
630193.760387521,651333.1026662056,632390.3647807296,652783.5055670113
630414.9608299219,649325.4986509975,632611.5652231305,650775.9015518032
630405.1608103219,649136.4982729967,632601.7652035306,650586.9011738024
630410.7608215219,648859.2977185957,632607.3652147305,650309.7006194014
630385.5607711218,648544.2970885944,632582.1651643304,649994.6999894001
630217.5604351212,648454.696909394,632414.1648283298,649905.0998101997
630015.9600319203,648450.496900994,632212.564425129,649900.8998017997
630196.5603931211,648148.0962961928,632393.1647863297,649598.4991969985
630216.1604323211,647859.6957193917,632412.7648255298,649310.0986201974
630256.7605135213,647471.8949437902,632453.3649067299,648922.2978445959
630284.7605695213,647197.494394989,632481.36496273,648647.8972957947
